%YAML:1.0
---
M1: !!opencv-matrix
   rows: 3
   cols: 3
   dt: d
   data: [ 2.0961279850535502e+03, 0., 1.9373768027108867e+03, 0.,
       2.0962413831725421e+03, 1.4633575898504582e+03, 0., 0., 1. ]
D1: !!opencv-matrix
   rows: 5
   cols: 1
   dt: d
   data: [ 7.6580031048086666e-02, -1.2390548829308948e-01,
       6.2753427275788422e-04, -3.5436658451270571e-04,
       5.8778371090296967e-02 ]
M2: !!opencv-matrix
   rows: 3
   cols: 3
   dt: d
   data: [ 2.1003821390571316e+03, 0., 1.9332669552870361e+03, 0.,
       2.1005603681903590e+03, 1.5149709605450628e+03, 0., 0., 1. ]
D2: !!opencv-matrix
   rows: 5
   cols: 1
   dt: d
   data: [ 7.9857580429419414e-02, -1.1996081669429644e-01,
       -6.2961372714079837e-05, 6.6299058472297232e-04,
       3.9841379078881051e-02 ]
R: !!opencv-matrix
   rows: 3
   cols: 3
   dt: d
   data: [ 9.9982933482497527e-01, 9.2491156227971917e-05,
       1.8474108065975700e-02, -1.0116993687970265e-04,
       9.9999988497368852e-01, 4.6884672725349655e-04,
       -1.8474062576791295e-02, -4.7063573579167418e-04,
       9.9982922917561923e-01 ]
T: !!opencv-matrix
   rows: 3
   cols: 1
   dt: d
   data: [ 5.9615818523180408e+01, 6.5792756927250284e-01,
       6.7991393170631853e-01 ]
E: !!opencv-matrix
   rows: 3
   cols: 3
   dt: d
   data: [ -1.2085808236182048e-02, -6.8022349772398905e-01,
       6.5749643901742083e-01, 1.7811442560400303e+00,
       2.8120220641158954e-02, -5.9593077077255160e+01,
       -6.6384661254576127e-01, 5.9615750813311102e+01,
       1.5796056392806582e-02 ]
F: !!opencv-matrix
   rows: 3
   cols: 3
   dt: d
   data: [ -1.2820377487844465e-09, -7.2152810064312892e-08,
       2.5426543008537096e-04, 1.8892409815580752e-07,
       2.9825208807357130e-09, -1.3619954284645385e-02,
       -4.3164383409851508e-04, 1.3416895086311683e-02, 1. ]
